-40.000000 0.013096 0.009128 0.025684 0.025684 0.022727 0.238926 0.022727 0.238926
-39.000000 0.012774 0.008926 0.024993 0.024993 0.022108 0.233889 0.022108 0.233889
-38.000000 0.012450 0.008728 0.024303 0.024303 0.021485 0.228910 0.021485 0.228910
-37.000000 0.012124 0.008563 0.023687 0.023687 0.020863 0.223980 0.020863 0.223980
-36.000000 0.011800 0.008385 0.023049 0.023049 0.020241 0.218894 0.020241 0.218894
-35.000000 0.011477 0.008223 0.022413 0.022413 0.019621 0.213754 0.019621 0.213754
-34.000000 0.011154 0.008071 0.021772 0.021772 0.019016 0.208488 0.019016 0.208488
-33.000000 0.010827 0.007945 0.021109 0.021109 0.018439 0.203165 0.018439 0.203165
-32.000000 0.010498 0.007816 0.020443 0.020443 0.017867 0.197771 0.017867 0.197771
-31.000000 0.010162 0.007671 0.019769 0.019769 0.017290 0.192172 0.017290 0.192172
-30.000000 0.009834 0.007519 0.019106 0.019106 0.016723 0.186525 0.016723 0.186525
-29.000000 0.009511 0.007354 0.018451 0.018451 0.016163 0.180684 0.016163 0.180684
-28.000000 0.009190 0.007175 0.017800 0.017800 0.015608 0.174639 0.015608 0.174639
-27.000000 0.008864 0.006959 0.017143 0.017143 0.015048 0.168475 0.015048 0.168475
-26.000000 0.008537 0.006751 0.016484 0.016484 0.014485 0.162461 0.014485 0.162461
-25.000000 0.008206 0.006540 0.015820 0.015820 0.013920 0.156207 0.013920 0.156207
-24.000000 0.007881 0.006334 0.015168 0.015168 0.013364 0.149831 0.013364 0.149831
-23.000000 0.007552 0.006141 0.014507 0.014507 0.012802 0.143311 0.012802 0.143311
-22.000000 0.007229 0.005941 0.013858 0.013858 0.012249 0.136612 0.012249 0.136612
-21.000000 0.006915 0.005739 0.013219 0.013219 0.011707 0.129745 0.011707 0.129745
-20.000000 0.006603 0.005538 0.012584 0.012584 0.011167 0.123087 0.011167 0.123087
-19.000000 0.006288 0.005353 0.011945 0.011945 0.010625 0.116798 0.010625 0.116798
-18.000000 0.005958 0.005199 0.011283 0.011283 0.010062 0.110513 0.010062 0.110513
-17.000000 0.005618 0.005032 0.010607 0.010607 0.009489 0.103995 0.009489 0.103995
-16.000000 0.005272 0.004879 0.009955 0.009955 0.008906 0.097467 0.008906 0.097467
-15.000000 0.004888 0.004842 0.009250 0.009250 0.008260 0.091396 0.008260 0.091396
-14.000000 0.004521 0.004063 0.008640 0.008640 0.007708 0.081697 0.007708 0.081697
-13.000000 0.004176 0.003696 0.008017 0.008017 0.007130 0.075392 0.007130 0.075392
-12.000000 0.003849 0.003309 0.007404 0.007404 0.006562 0.068861 0.006562 0.068861
-11.000000 0.003516 0.002845 0.006784 0.006784 0.005992 0.061858 0.005992 0.061858
-10.000000 0.003191 0.002514 0.006171 0.006171 0.005423 0.055375 0.005423 0.055375
-9.000000 0.002865 0.002265 0.005555 0.005555 0.004849 0.049118 0.004849 0.049118
-8.000000 0.002549 0.002029 0.004951 0.004951 0.004287 0.042803 0.004287 0.042803
-7.000000 0.002227 0.001844 0.004338 0.004338 0.003717 0.036769 0.003717 0.036769
-6.000000 0.001884 0.001758 0.003685 0.003685 0.003106 0.032300 0.003106 0.032300
-5.000000 0.001560 0.001517 0.003067 0.003067 0.002546 0.027216 0.002546 0.027216
-4.000000 0.001252 0.001264 0.002458 0.002458 0.002038 0.021910 0.002038 0.021910
-3.000000 0.000946 0.001020 0.001846 0.001846 0.001527 0.016551 0.001527 0.016551
-2.000000 0.000644 0.000731 0.001243 0.001243 0.001026 0.011335 0.001026 0.011335
-1.000000 0.000312 0.000410 0.000598 0.000598 0.000492 0.005869 0.000492 0.005869
0.000000 0.000025 0.000120 0.000024 0.000024 0.000010 0.000501 0.000010 0.000501
1.000000 0.000300 0.000189 0.000606 0.000606 0.000507 0.005135 0.000507 0.005135
2.000000 0.000641 0.000468 0.001264 0.001264 0.001052 0.009559 0.001052 0.009559
3.000000 0.000974 0.000715 0.001913 0.001913 0.001590 0.013524 0.001590 0.013524
4.000000 0.001290 0.000961 0.002537 0.002537 0.002108 0.017509 0.002108 0.017509
5.000000 0.001632 0.001060 0.003221 0.003221 0.002678 0.021133 0.002678 0.021133
6.000000 0.001964 0.001187 0.003874 0.003874 0.003222 0.024949 0.003222 0.024949
7.000000 0.002312 0.001309 0.004545 0.004545 0.003740 0.028860 0.003740 0.028860
8.000000 0.002656 0.001460 0.005196 0.005196 0.004232 0.032472 0.004232 0.032472
9.000000 0.003000 0.001573 0.005822 0.005822 0.004726 0.036022 0.004726 0.036022
10.000000 0.003341 0.001701 0.006444 0.006444 0.005215 0.039635 0.005215 0.039635
11.000000 0.003677 0.001837 0.007060 0.007060 0.005700 0.043280 0.005700 0.043280
12.000000 0.004008 0.001967 0.007667 0.007667 0.006179 0.046916 0.006179 0.046916
13.000000 0.004341 0.002105 0.008281 0.008281 0.006663 0.050598 0.006663 0.050598
14.000000 0.004671 0.002223 0.008888 0.008888 0.007142 0.053299 0.007142 0.053299
15.000000 0.004998 0.002347 0.009489 0.009489 0.007616 0.056001 0.007616 0.056001
16.000000 0.005336 0.002521 0.010101 0.010101 0.008097 0.058866 0.008097 0.058866
17.000000 0.005671 0.002707 0.010708 0.010708 0.008573 0.061769 0.008573 0.061769
18.000000 0.005998 0.002899 0.011305 0.011305 0.009041 0.064696 0.009041 0.064696
19.000000 0.006335 0.003091 0.011914 0.011914 0.009518 0.067643 0.009518 0.067643
20.000000 0.006669 0.003278 0.012517 0.012517 0.009991 0.070596 0.009991 0.070596
21.000000 0.007002 0.003428 0.013120 0.013120 0.010465 0.073394 0.010465 0.073394
22.000000 0.007352 0.003567 0.013744 0.013744 0.010953 0.075921 0.010953 0.075921
23.000000 0.007710 0.003686 0.014379 0.014379 0.011451 0.078428 0.011451 0.078428
24.000000 0.008069 0.003760 0.015021 0.015021 0.011951 0.080847 0.011951 0.080847
25.000000 0.008432 0.003852 0.015666 0.015666 0.012455 0.083320 0.012455 0.083320
26.000000 0.008786 0.003955 0.016294 0.016294 0.012946 0.085819 0.012946 0.085819
27.000000 0.009133 0.004058 0.016918 0.016918 0.013415 0.088333 0.013415 0.088333
28.000000 0.009483 0.004163 0.017554 0.017554 0.013867 0.090886 0.013867 0.090886
29.000000 0.009837 0.004273 0.018191 0.018191 0.014321 0.093464 0.014321 0.093464
30.000000 0.010195 0.004388 0.018672 0.018672 0.014783 0.095791 0.014783 0.095791
31.000000 0.010545 0.004528 0.019299 0.019299 0.015229 0.097853 0.015229 0.097853
32.000000 0.010895 0.004717 0.019923 0.019923 0.015672 0.100001 0.015672 0.100001
33.000000 0.011236 0.004918 0.020536 0.020536 0.016106 0.102174 0.016106 0.102174
34.000000 0.011570 0.005125 0.021140 0.021140 0.016534 0.104359 0.016534 0.104359
35.000000 0.011904 0.005371 0.021715 0.021715 0.016989 0.106601 0.016989 0.106601
36.000000 0.012231 0.005605 0.022254 0.022254 0.017474 0.108810 0.017474 0.108810
37.000000 0.012585 0.005744 0.022827 0.022827 0.017994 0.110902 0.017994 0.110902
38.000000 0.012942 0.005867 0.023404 0.023404 0.018519 0.112973 0.018519 0.112973
39.000000 0.013305 0.005931 0.023989 0.023989 0.019055 0.114962 0.019055 0.114962
40.000000 0.013658 0.005999 0.024570 0.024570 0.019585 0.116960 0.019585 0.116960
