(1cm)zsopoint -17.908251 1.052948 7.624622 -18.525796 17.547822 19.138281 10.482327 2.103327 4.777104 -4.209239 0.750372
(5cm)zsopoint -15.199957 0.893709 6.471538 -15.724110 14.894037 16.243967 8.897068 1.785238 4.054655 -3.572669 0.636892
(10cm)zsopoint -10.415592 0.397900 3.904485 -10.248450 7.785718 15.583706 6.973923 1.409447 2.582027 -3.837582 -0.235626
(15cm)zsopoint -7.811104 0.127197 2.505075 -7.265681 3.907133 15.240823 5.930270 1.205567 1.779637 -3.986956 -0.713100
(17cm)rsopoint -6.971270 0.030719 2.031122 -6.281326 2.552785 15.320996 5.631318 1.147798 1.512490 -4.094643 -0.895852
(22cm)rsopoint -5.588340 0.024625 1.628197 -5.035264 2.046375 12.281685 4.514202 0.920103 1.212449 -3.282366 -0.718137
(25cm)rsopoint -4.678769 -0.036050 1.223158 -4.076675 1.073932 11.458987 4.011224 0.819517 0.963230 -3.115179 -0.778790
(30cm)rsopoint -4.235926 -0.084490 0.979255 -3.563594 0.387240 11.450752 3.843635 0.786944 0.824591 -3.156201 -0.867532
(35cm)rsopoint -4.030455 -0.178674 0.688890 -3.149587 -0.740466 12.935485 4.059165 0.834056 0.694615 -3.639731 -1.133373
(1cm)rsopoint -24.407533 1.435086 10.391758 -25.249199 23.916297 1.551387 14.286585 2.866671 6.510816 -5.736860 1.022698
(5cm)rsopoint -11.899213 -0.283947 -3.099522 -7.143851 3.264954 10.165956 10.407521 2.625760 2.352889 -5.144266 -1.387702
(10cm)rsopoint -9.271631 -0.425774 -0.257964 -5.263490 2.342174 8.690327 8.697498 2.413828 2.178458 -4.585438 -1.635526
(15cm)rsopoint -7.361882 -0.397127 -1.136962 -3.140866 0.287495 8.738634 7.627723 2.166808 1.627469 -4.251249 -1.766594
(17cm)rsopoint -7.192549 -0.405222 -0.935358 -3.039275 0.257779 8.608948 7.504047 2.148540 1.618295 -4.203871 -1.773893
(22cm)rsopoint -5.950786 -0.348613 -0.637901 -2.491814 0.195371 7.177917 6.248628 1.802070 1.360806 -3.517153 -1.504785
(25cm)rsopoint -5.492075 -0.333372 -0.470288 -2.279924 0.164715 6.672755 5.801907 1.684472 1.274987 -3.280064 -1.421147
(30cm)rsopoint -5.528564 -0.361752 -0.206967 -2.250505 0.130724 6.825390 5.919078 1.743609 1.326376 -3.378406 -1.503381
(35cm)rsopoint -5.817511 -0.411365 -0.427555 -1.868142 -0.590790 8.079999 6.606344 1.977287 1.379455 -3.889919 -1.845587
% SXD TO SD%
