(1cm)rsopoint -13.345199 0.330627 4.462114 -12.237092 11.524571 22.157584 9.576642 1.891315 3.044172 -6.031319 -0.890894
(5cm)rsopoint -11.602086 0.287440 3.879286 -10.638718 10.019264 19.263425 8.325767 1.644276 2.646551 -5.243527 -0.774526
(10cm)rsopoint -9.679096 0.239797 3.236313 -8.875402 8.358619 16.070606 6.945811 1.371744 2.207898 -4.374438 -0.646151
(15cm)rsopoint -7.904444 0.108670 2.423824 -7.016918 6.572662 14.626478 6.025287 1.193196 1.719470 -4.135205 -0.801809
(17cm)rsopoint -7.112894 0.016666 1.977170 -6.099070 5.678620 14.560107 5.750449 1.141612 1.469462 -4.244932 -0.976652
(22cm)rsopoint -5.728424 0.013422 1.592329 -4.911933 4.573320 11.726095 4.631169 0.919406 1.183443 -3.418689 -0.786554
(25cm)rsopoint -4.824449 -0.045258 1.198859 -3.986776 3.687177 10.850626 4.129411 0.821666 0.942430 -3.244436 -0.840325
(30cm)rsopoint -4.390946 -0.093875 0.958694 -3.488802 3.202690 10.783757 3.971721 0.791935 0.807208 -3.293097 -0.930513
(35cm)rsopoint -5.291597 -0.076723 2.270496 -4.542434 4.550068 11.546312 4.549299 0.895051 1.091866 -3.835212 -1.048222
(40cm)rsopoint -5.310868 -0.203542 2.083331 -4.275800 4.281545 13.670590 5.073054 1.004749 0.989562 -4.680461 -1.453252
(45cm)rsopoint -3.852825 -0.732549 2.106218 -4.683755 4.750592 16.130001 5.810254 1.227919 0.655993 -7.278403 -2.501558
(50cm)rsopoint -1.803177 -1.156802 1.065206 -4.355546 4.311409 18.542727 6.259150 1.334966 0.040734 -9.821296 -3.557968
